Report range: 2022-10-01 - 2022-10-03

        company  fact_Qliq_data1  fact_Qliq_data2  fact_Qoil_data1  fact_Qoil_data2  forecast_Qliq_data1  forecast_Qliq_data2  forecast_Qoil_data1  forecast_Qoil_data2        date
id                                                                                                                                                                                 
1.0    company1             10.0             20.0             30.0             40.0                 12.0                 22.0                 15.0                 25.0  2022-10-01
4.0    company2             13.0             23.0             33.0             43.0                 15.0                 25.0                 30.0                 40.0  2022-10-01
5.0    company1             14.0             24.0             34.0             44.0                 16.0                 26.0                 35.0                 45.0  2022-10-01
6.0    company2             15.0             25.0             35.0             45.0                 17.0                 27.0                 40.0                 50.0  2022-10-01
7.0    company1             16.0             26.0             36.0             46.0                 18.0                 28.0                 45.0                 55.0  2022-10-01
8.0    company2             17.0             27.0             37.0             47.0                 19.0                 29.0                 50.0                 60.0  2022-10-01
10.0   company2             19.0             29.0             39.0             49.0                 21.0                 31.0                 60.0                 70.0  2022-10-01
11.0   company1             20.0             30.0             40.0             50.0                 22.0                 32.0                 65.0                 75.0  2022-10-01
13.0   company1             22.0             32.0             42.0             52.0                 24.0                 34.0                 75.0                 85.0  2022-10-01
18.0   company2             27.0             37.0             47.0             57.0                 29.0                 39.0                100.0                110.0  2022-10-01
total                      173.0            273.0            373.0            473.0                193.0                293.0                515.0                615.0            
2.0    company2             11.0             21.0             31.0             41.0                 13.0                 23.0                 20.0                 30.0  2022-10-02
3.0    company1             12.0             22.0             32.0             42.0                 14.0                 24.0                 25.0                 35.0  2022-10-02
12.0   company2             21.0             31.0             41.0             51.0                 23.0                 33.0                 70.0                 80.0  2022-10-02
15.0   company1             24.0             34.0             44.0             54.0                 26.0                 36.0                 85.0                 95.0  2022-10-02
16.0   company2             25.0             35.0             45.0             55.0                 27.0                 37.0                 90.0                100.0  2022-10-02
17.0   company1             26.0             36.0             46.0             56.0                 28.0                 38.0                 95.0                105.0  2022-10-02
20.0   company2             29.0             39.0             49.0             59.0                 31.0                 41.0                110.0                120.0  2022-10-02
total                      148.0            218.0            288.0            358.0                162.0                232.0                495.0                565.0            
9.0    company1             18.0             28.0             38.0             48.0                 20.0                 30.0                 55.0                 65.0  2022-10-03
14.0   company2             23.0             33.0             43.0             53.0                 25.0                 35.0                 80.0                 90.0  2022-10-03
19.0   company1             28.0             38.0             48.0             58.0                 30.0                 40.0                105.0                115.0  2022-10-03
total                       69.0             99.0            129.0            159.0                 75.0                105.0                240.0                270.0            