Report range: 2022-10-01 - 2022-10-03

        company  fact_Qliq_data1  fact_Qliq_data2  fact_Qoil_data1  fact_Qoil_data2  forecast_Qliq_data1  forecast_Qliq_data2  forecast_Qoil_data1  forecast_Qoil_data2        date
id                                                                                                                                                                                 
2.0    company2             11.0             21.0             31.0             41.0                 13.0                 23.0                 20.0                 30.0  2022-10-01
3.0    company1             12.0             22.0             32.0             42.0                 14.0                 24.0                 25.0                 35.0  2022-10-01
5.0    company1             14.0             24.0             34.0             44.0                 16.0                 26.0                 35.0                 45.0  2022-10-01
6.0    company2             15.0             25.0             35.0             45.0                 17.0                 27.0                 40.0                 50.0  2022-10-01
9.0    company1             18.0             28.0             38.0             48.0                 20.0                 30.0                 55.0                 65.0  2022-10-01
11.0   company1             20.0             30.0             40.0             50.0                 22.0                 32.0                 65.0                 75.0  2022-10-01
20.0   company2             29.0             39.0             49.0             59.0                 31.0                 41.0                110.0                120.0  2022-10-01
total                      119.0            189.0            259.0            329.0                133.0                203.0                350.0                420.0            
1.0    company1             10.0             20.0             30.0             40.0                 12.0                 22.0                 15.0                 25.0  2022-10-02
4.0    company2             13.0             23.0             33.0             43.0                 15.0                 25.0                 30.0                 40.0  2022-10-02
7.0    company1             16.0             26.0             36.0             46.0                 18.0                 28.0                 45.0                 55.0  2022-10-02
8.0    company2             17.0             27.0             37.0             47.0                 19.0                 29.0                 50.0                 60.0  2022-10-02
total                       56.0             96.0            136.0            176.0                 64.0                104.0                140.0                180.0            
10.0   company2             19.0             29.0             39.0             49.0                 21.0                 31.0                 60.0                 70.0  2022-10-03
12.0   company2             21.0             31.0             41.0             51.0                 23.0                 33.0                 70.0                 80.0  2022-10-03
13.0   company1             22.0             32.0             42.0             52.0                 24.0                 34.0                 75.0                 85.0  2022-10-03
14.0   company2             23.0             33.0             43.0             53.0                 25.0                 35.0                 80.0                 90.0  2022-10-03
15.0   company1             24.0             34.0             44.0             54.0                 26.0                 36.0                 85.0                 95.0  2022-10-03
16.0   company2             25.0             35.0             45.0             55.0                 27.0                 37.0                 90.0                100.0  2022-10-03
17.0   company1             26.0             36.0             46.0             56.0                 28.0                 38.0                 95.0                105.0  2022-10-03
18.0   company2             27.0             37.0             47.0             57.0                 29.0                 39.0                100.0                110.0  2022-10-03
19.0   company1             28.0             38.0             48.0             58.0                 30.0                 40.0                105.0                115.0  2022-10-03
total                      215.0            305.0            395.0            485.0                233.0                323.0                760.0                850.0            